      0/59    0.944G   0.05689  0.009587  0.009073   0.07555       121       640    0.5129    0.6595    0.5372    0.1786   0.07293   0.02106   0.01042
      1/59        5G   0.04604  0.008521  0.004049   0.05861        99       640    0.7035    0.7539    0.7115    0.2853   0.06337   0.02264    0.0073
      2/59     8.28G   0.04277  0.008427  0.003392   0.05458       118       640    0.6566    0.7332    0.6595     0.242   0.05936   0.02601  0.006051
      3/59     8.28G   0.03998  0.008322  0.002856   0.05116        64       640    0.7201    0.7943    0.7555    0.3333   0.05622   0.02445  0.005508
      4/59     8.28G   0.03793  0.008148  0.002345   0.04843       149       640    0.6956     0.776     0.725    0.3275   0.05443   0.02614  0.006386
      5/59     8.28G   0.03722  0.008013  0.002267    0.0475        58       640      0.77    0.7981     0.788    0.3752   0.05205   0.02579  0.005283
      6/59     8.28G   0.03635  0.007923  0.002024    0.0463       108       640    0.7536    0.8104    0.7878    0.3901   0.05166   0.02356  0.004988
      7/59     8.29G   0.03595  0.008034  0.001948   0.04593        95       640     0.777    0.8087    0.8142     0.403   0.05175   0.02479  0.004707
      8/59     8.29G   0.03571  0.007943  0.001939    0.0456       130       640    0.7768    0.8108    0.8006    0.3973   0.05035   0.02539  0.004649
      9/59     8.29G   0.03516  0.007908  0.001824   0.04489       135       640    0.7888    0.8217    0.8224    0.4145   0.04936    0.0258  0.004555
     10/59     8.29G   0.03503  0.008012  0.001775   0.04481        89       640    0.7857     0.836    0.8342    0.4251   0.04919   0.02458  0.004287
