     0/199    0.407G   0.05376    0.0216   0.01033   0.08568        99       640     0.717    0.7573    0.7036     0.305       nan       nan       nan
     1/199     2.77G   0.03898    0.0188  0.003281   0.06107       131       640    0.7481    0.7857    0.7434    0.3401       nan       nan       nan
     2/199      4.9G   0.03696   0.02008  0.002658   0.05969        55       640    0.7745    0.7846    0.7746    0.3634       nan       nan       nan
     3/199      4.9G   0.03399   0.02019  0.002135   0.05632        56       640    0.7808    0.8291    0.8155    0.4212       nan       nan       nan
     4/199      4.9G   0.03269   0.01929  0.001846   0.05383        62       640     0.797    0.8295    0.8184    0.4142       nan       nan       nan
     5/199     4.91G   0.03187   0.01874  0.001715   0.05233        94       640    0.8055    0.8322    0.8297    0.4503       nan       nan       nan
     6/199     4.91G   0.03124   0.01881  0.001669   0.05172        43       640    0.7995    0.8553    0.8465    0.4594       nan       nan       nan
     7/199     4.91G   0.03072   0.01864  0.001521   0.05088        52       640    0.8304    0.8518    0.8697     0.482       nan       nan       nan
     8/199     4.91G   0.03051   0.01859  0.001493   0.05059        61       640    0.8439    0.8496    0.8695    0.4936       nan       nan       nan
     9/199     4.91G   0.03021   0.01817    0.0014   0.04978        58       640    0.8102    0.8638    0.8546     0.475       nan       nan       nan
    10/199     4.91G   0.02978   0.01828  0.001372   0.04943        75       640    0.8252    0.8486     0.866    0.4834       nan       nan       nan
    11/199     4.91G   0.02952   0.01829  0.001289    0.0491        43       640    0.8379    0.8603    0.8736     0.492       nan       nan       nan
    12/199     4.91G    0.0294   0.01818  0.001222    0.0488        96       640    0.8218    0.8579     0.872    0.4986       nan       nan       nan
    13/199     4.91G   0.02901   0.01761  0.001217   0.04783        67       640    0.8527    0.8663    0.8827    0.5067       nan       nan       nan
    14/199     4.91G   0.02898   0.01772  0.001126   0.04782        60       640    0.8448    0.8497    0.8702    0.4959       nan       nan       nan
    15/199     4.91G   0.02886    0.0177  0.001173   0.04773        46       640    0.8631    0.8732    0.8912    0.5184       nan       nan       nan
    16/199     4.91G   0.02882   0.01747  0.001115   0.04741        46       640    0.8458    0.8674    0.8774     0.511       nan       nan       nan
    17/199     4.91G    0.0287   0.01732  0.001136   0.04716        42       640    0.8263    0.8552    0.8695    0.5035       nan       nan       nan
    18/199     4.91G   0.02847   0.01744  0.001092   0.04701        85       640    0.8583    0.8651    0.8815    0.5156       nan       nan       nan
    19/199     4.91G    0.0283   0.01728  0.001115    0.0467        45       640    0.8437    0.8798    0.8891    0.5221       nan       nan       nan
    20/199     4.91G   0.02831   0.01721  0.001041   0.04656        71       640    0.8518    0.8691    0.8799    0.5138       nan       nan       nan
    21/199     4.91G   0.02825   0.01723   0.00104   0.04652        58       640    0.8616    0.8744    0.8878    0.5259       nan       nan       nan
